<idle>: 1482.152637959749
sshd: 0.005508465002094454
<...>: -0.4531104579868952
python3: 474.7144703642384
kworker/0:4: 0.001401193998844974
kworker/u16:1: 1.352299977952498e-05
kworker/u16:2: 0.016137076002905815
rcu_sched: -0.06210802701207285
multipathd: -3.97719982174749e-05
sudo: 0.045101371999408
git: 0.0021151109999664186
kworker/u16:0: -0.0007345470039581414
ksoftirqd/0: -3.438599969740608e-05
migration/0: -1.0013000064645894e-05
migration/7: -8.3905999417766e-05
kworker/7:1: -0.0004269370042493392
in:imuxsock: 0.00018202799947175663
thermald: 0.00019990000009784126
ksoftirqd/7: -3.571800016288762e-05
kworker/6:1: 0.003461163998963457
migration/6: -2.89240001620783e-05
ksoftirqd/6: -9.547999979986344e-06
ps: 2.275000042573083e-06
ksoftirqd/4: -6.185000984260114e-06
xfsaild/nvme0n1: 0.00034957499974552775
kworker/4:1: -0.0003679249930428341
migration/4: -3.208300222468097e-05
ksoftirqd/1: -0.00013410900055532693
kworker/1:2: 5.670199971063994e-05
gmain: 0.000173322001046472
migration/1: -4.0099999750964344e-05
grep: 8.206999609683407e-06
kworker/5:2: -0.0005317970017131302
systemd-journal: 0.0012539620006464247
migration/5: -2.3772997792548267e-05
kworker/5:1H: 5.884000074729556e-06
ksoftirqd/5: -0.00017317699939667364
kworker/2:1: -0.0007244330008688848
rs:main Q:Reg: 0.00025046000018846826
migration/2: -2.111999856424518e-05
irqbalance: 0.00033497500044177286
wpa_supplicant: 2.344799986531143e-05
ksoftirqd/2: -2.7349999072612263e-05
snapd: 7.96899939814466e-06
kworker/3:1: 0.0010172940096708771
migration/3: -0.0001847909998105024
ksoftirqd/3: -4.299600141166593e-05
sh: -1.8670002646103967e-06
