<idle>: 1809.603001064621
systemd-network: 1.5527999494224787e-05
multipathd: -9.632899309508502e-05
python3: -4.3798315378662664
<...>: -0.46861403998627793
migration/0: -3.1300987757276744e-05
kworker/0:0: -0.0003222311061108485
sshd: 0.005297520991007332
ksoftirqd/0: -7.052796718198806e-05
rcu_sched: -0.03280057497613598
kworker/u16:2: -0.000969481909123715
kworker/u16:1: 5.563008016906679e-06
migration/4: -3.241400554543361e-05
kworker/4:2: -0.0005364499738789164
ksoftirqd/4: -3.729898890014738e-05
thermald: 0.00017849300638772547
sh: -1.5970996173564345e-05
systemd-journal: 4.979956429451704e-07
migration/1: -1.0494986781850457e-05
kworker/1:2: -0.000464702898170799
kworker/1:1H: 5.979993147775531e-06
ksoftirqd/1: -3.932999970857054e-05
gmain: 3.8205995224416256e-05
migration/5: -9.482988389208913e-06
kworker/5:1: -0.00014581299183191732
ksoftirqd/5: -1.8127000657841563e-05
grep: 1.4360193745233119e-06
kworker/3:1: -5.4031079343985766e-05
migration/3: -2.215401764260605e-05
ksoftirqd/3: -1.078998320735991e-05
kworker/7:2: -0.00040509490645490587
migration/7: -7.897993782535195e-06
irqbalance: -2.7907000912819058e-05
ksoftirqd/7: -6.978899909881875e-05
ksoftirqd/2: -6.04500382905826e-06
migration/2: -1.5598976460751146e-05
kworker/2:1H: 3.6760102375410497e-06
kworker/2:1: -0.00029865492251701653
migration/6: -3.3949982025660574e-06
kworker/6:0: -0.00032776610169094056
wpa_supplicant: 2.1050000214017928e-06
ksoftirqd/6: -0.00010236501111648977
