kworker/u16:1: 7.906399832791067e-05
<idle>: 6345.286280969223
grep: 0.0010625340000842698
kworker/5:0: -0.00036954999268346
<...>: 1048.1279553969698
gmain: 0.00024463100044158637
kworker/5:1H: 1.6183000298042316e-05
python3: 1051.7252141514805
uname: 0.013126122999892686
rcu_sched: -0.06276877500476985
sudo: 0.03165282000099978
git-lfs: 0.046142763992520486
git: 0.05882401399958326
sshd: 0.005801248005354864
kworker/u16:0: -0.00024187500048356014
ksoftirqd/5: -1.5106000773812411e-05
migration/5: 2.7614999908109894e-05
xfsaild/nvme0n1: 8.658900105729117e-05
kworker/4:1: -0.0007075809903653862
systemd-journal: 0.0019747749993257457
multipathd: 0.00021423799807962496
ksoftirqd/4: -3.491099914754159e-05
migration/4: -2.8533001113828504e-05
systemd-resolve: 0.000915961999908177
systemd-udevd: 3.271199966548011e-05
sh: 0.002703442999973049
ps: 0.003515551999953459
kworker/3:2: 0.001146617994436383
migration/3: -7.476999599020928e-06
git-remote-http: 0.06405053800062888
ksoftirqd/3: 4.122300151720992e-05
kworker/u16:2: 0.00018479999835108174
kworker/1:0: 0.0001430709953638143
rs:main Q:Reg: 0.00019520600062605808
ksoftirqd/1: -6.602099938390893e-05
migration/1: -7.800998446327867e-06
kworker/1:1H: -7.142999947973294e-06
kworker/7:2: -0.00043980099871987477
in:imuxsock: 0.00022744200032320805
run.sh: 1.1891000212926883e-05
migration/7: -2.189999986512703e-05
post-commit: 0.00041507600053591887
pre-push: 0.0008266219997494773
ksoftirqd/7: -7.989400000951719e-05
kworker/6:2: -0.0003487179887997627
ksoftirqd/6: 3.2363001537305536e-05
migration/6: 7.783998171362327e-06
kworker/6:1H: 1.3021000540902605e-05
thermald: -1.8815999283106066e-05
wpa_supplicant: 6.539999048982281e-07
kworker/0:3: -0.0003407510025681404
migration/0: -3.500399907352403e-05
ksoftirqd/0: -7.564999896203517e-05
kworker/0:1H: -8.009001248865388e-06
kworker/2:2: -0.0003991399958067632
irqbalance: 0.00025481199963905965
migration/2: 4.598999566951534e-06
kthreadd: 2.7843999760079896e-05
ksoftirqd/2: -6.30329996056389e-05
