kworker/u16:2: -0.001199385001086739
<idle>: 59.2245421320103
<...>: 0.46179729600061137
migration/5: 5.686999998033571e-06
kworker/u16:0: 0.000216347999980826
rcu_sched: -0.07238970299852099
git: 0.037093446000653785
git-lfs: 0.045905692999838266
gmain: 0.0002878660001215394
wpa_supplicant: 1.362000000426633e-05
thermald: 0.00012770699981956568
python3: 1.2628636079890043
kworker/5:2: -0.0005372960006297944
kworker/5:1H: -1.513000029262912e-06
sshd: 0.00597763200113377
kthreadd: 9.170999874186236e-06
ksoftirqd/5: -1.4391999911822495e-05
snapd: 0.0021798529998022786
ps: 1.5099999473022763e-07
sh: 0.0026293930002907473
xfsaild/nvme0n1: 0.0004432939996945606
kworker/2:2: -0.0009758420001730883
rs:main Q:Reg: 0.00024310699990337525
migration/2: -1.124499971183468e-05
ksoftirqd/2: -0.00011004699979366706
in:imuxsock: 0.00022208699976999924
git-remote-http: 0.06189098000044169
irqbalance: -1.7500001376902219e-06
systemd-logind: 1.2081999898327922e-05
kworker/0:3: -0.00035506100010707087
multipathd: 0.0001302030008218935
migration/0: -2.5069996922866267e-06
uname: 0.013056818999984898
sudo: 0.047593036999955984
ksoftirqd/0: -0.029412826000793757
kworker/6:2: -0.000248177000855776
migration/6: -3.796700013936061e-05
ksoftirqd/6: 9.677000093688548e-06
systemd-timesyn: 1.2572000059662969e-05
grep: 7.619998996233335e-07
kworker/1:3: -1.2156999900980736e-05
systemd-journal: 0.0015670330001285038
ksoftirqd/1: -3.60550002369564e-05
migration/1: -1.2822999906347832e-05
kworker/4:1: -0.0004322890005141744
migration/4: -5.097999917325069e-06
ksoftirqd/4: -4.8444000185554614e-05
kworker/4:1H: -3.822999929070647e-06
kworker/7:2: -7.560399996009437e-05
migration/7: -1.4359999909174803e-05
ksoftirqd/7: -6.830000529589597e-07
post-commit: 0.00037076099988553324
pre-push: 0.0009366119999185685
systemd: 1.7876000015348836e-05
kworker/3:1: 0.0007401849999837395
migration/3: -8.113999797387805e-06
systemd-resolve: 0.0008562030000121013
ksoftirqd/3: -1.7014999912134954e-05
kworker/u16:1: -5.494999982147419e-06
systemd-udevd: 1.3738999996348866e-05
