<idle>: 8891.66217246046
<...>: 0.31308108802977586
kworker/7:2: -0.00044800898672292533
python3: 2946.786736759456
gmain: 0.00025432500137867464
git-lfs: 0.037840225999843824
kworker/u16:2: -0.0009217430024364148
git-remote-http: 0.06791191500201421
git: 0.038545529998600614
snapd: -5.62189979973482e-05
sshd: 0.006789955992417163
rcu_sched: -0.06267008199642987
migration/7: -5.3579000450554304e-05
systemd-udevd: -0.00010656999893399188
thermald: 5.8817999615712324e-05
xfsaild/nvme0n1: -0.00044142899832877447
kworker/u16:1: -8.494599751429632e-05
ksoftirqd/7: -1.0030003068095539e-06
sh: 0.0026932410003155383
kworker/2:2: -0.0010616189947540988
sudo: 0.0163142589999552
kworker/u16:0: 0.00014318699959403602
ksoftirqd/2: -3.29219999457564e-05
migration/2: -3.228900095564313e-05
irqbalance: -1.150900016000378e-05
grep: 0.0007298639995951817
kworker/4:1: -0.000315339001645043
systemd-journal: 0.0017353580001326918
ksoftirqd/4: 3.2698000950404094e-05
post-commit: 0.00034016499967037817
multipathd: -2.183099991270865e-05
migration/4: -3.333899985591415e-05
kworker/1:3: 0.0003362859956723696
ksoftirqd/1: -3.294199950687471e-05
uname: 0.013224619000084203
migration/1: -1.1137999081256567e-05
kworker/1:1: -4.023000201414106e-06
kworker/1:1H: 1.9186999452358577e-05
kworker/1:0: -0.00012300099751882954
run.sh: 3.245199991397385e-05
migration/5: -1.70939990766783e-05
pre-push: 0.0007332790000873501
ksoftirqd/5: -9.053999974639737e-06
kworker/5:0: -0.00022066900464778882
kworker/3:1: 0.0010854709998966428
systemd-resolve: 0.0007533199996032636
ksoftirqd/3: -3.3759999269022956e-05
kworker/3:2: 0.00043619000371108996
migration/3: -2.4824000320222694e-05
ps: 0.0034495949998927244
kworker/6:2: -0.0002801310033646587
in:imuxsock: 0.00025151000045298133
wpa_supplicant: 8.060999789449852e-06
migration/6: -2.4400000256719068e-05
systemd-timesyn: -3.0093999612290645e-05
systemd: -1.9799999790848233e-06
ksoftirqd/6: -3.320099949633004e-05
kworker/6:1H: 2.7089995455753524e-06
kworker/0:3: -0.00037315099757506687
kthreadd: 1.9962000123996404e-05
ksoftirqd/0: -0.000877313998671525
migration/0: -6.495001343864715e-06
