<idle>: 3194.683478976124
<...>: 1044.7012145680358
ksoftirqd/0: -4.1424998585171124e-05
multipathd: 3.122500038443832e-05
kworker/0:3: -0.00019986900417734432
python3: 3.155168372926937
sudo: 0.031541524999965986
git-lfs: 0.04115246600508726
git: 0.05589418500017018
kworker/u16:2: -0.00040339300596770045
rcu_sched: -0.03163883800266376
migration/0: -0.0001776020005763712
sshd: 0.0070585130019935605
kworker/u16:0: 0.0004000150019010107
rs:main Q:Reg: 0.0002323450003132166
migration/5: -1.0958999496324395e-05
wpa_supplicant: 1.5824000001884997e-05
kworker/5:1H: -5.8266000337425794e-05
git-remote-http: 0.038648210999667754
ksoftirqd/5: 2.432300004784338e-05
kworker/5:0: -0.0002614489983443491
systemd-network: 2.5992000018959516e-05
irqbalance: 1.1304000054224161e-05
thermald: -4.027099930681288e-05
sh: -4.166999815424788e-06
kworker/4:1: -0.0008789400009163728
in:imuxsock: 0.00015044899976146553
migration/4: -3.789997435887926e-07
kworker/4:1H: 8.461999868814019e-06
systemd-journal: 0.0017464469998458299
ksoftirqd/4: -6.896399963807198e-05
grep: -6.321000000752974e-06
kworker/3:1: 0.0007319500017501923
uname: 0.013557101999822407
ksoftirqd/3: 8.07599974450568e-06
systemd-resolve: 0.0007792759995481902
migration/3: -2.5164999897242524e-05
kworker/1:3: -0.0004870210007084097
migration/1: -8.92070004283596e-05
kworker/1:1H: 3.382199986390333e-05
ksoftirqd/1: -2.7981998755421955e-05
kworker/7:2: -0.0005068429998118518
gmain: 0.00024881900060336193
migration/7: -3.0522000315613695e-05
ksoftirqd/7: -6.79999970998324e-06
kworker/6:2: -0.0008001169968565591
run.sh: 2.1299999957591353e-05
migration/6: -3.431100037687429e-05
post-commit: 0.00034653200020784425
pre-push: 0.0008267299997442024
ksoftirqd/6: -5.643000122290687e-06
kworker/6:1H: -3.8995999148028204e-05
kworker/2:2: -0.0001752069999838568
migration/2: -1.7281999703300244e-05
ksoftirqd/2: -0.00011902499909410835
