<idle>: 3211.9569386172393
<...>: -0.27353954196178165
kworker/6:1: 0.0034631969997462875
python3: 1056.0130771037443
sudo: 0.0462821140001779
migration/6: -7.968100135258283e-05
multipathd: -0.0001250079994861153
kworker/u16:1: 0.009261371997808965
ksoftirqd/6: -1.4659999578725547e-06
sshd: 0.006125916998144021
rcu_sched: -0.03266312001073857
kworker/u16:2: -0.0009239979997346381
sh: 6.209997991390992e-07
kworker/2:1: -0.000962555999876713
in:imuxsock: 0.00018243899967274047
migration/2: -4.603600086738879e-05
irqbalance: 0.0002580489997399127
wpa_supplicant: 2.5252000114051043e-05
xfsaild/nvme0n1: 0.00025266700140491594
ksoftirqd/2: -0.0002544839990150649
kworker/2:1H: 3.929000286007067e-06
kworker/3:2: 0.0013874450010007422
rs:main Q:Reg: 0.00021817200013174443
migration/3: -8.807599874671723e-05
kworker/3:1: -0.0005171979996703158
ksoftirqd/3: -2.6687001991376746e-05
gmain: 0.00021669600027962588
kthreadd: 3.050999566767132e-06
kworker/3:1H: 8.309998520417139e-07
kworker/1:0: 0.00046521400031451776
run.sh: 2.317999974366103e-05
migration/1: 9.809996299736667e-07
uname: 0.012712621999980911
git: 0.0022012930000983033
systemd-journal: 0.001496036999469652
kworker/1:1H: 3.783000011026161e-06
kworker/1:2: -0.00013708500136999646
ksoftirqd/1: -7.544200070697116e-05
grep: 1.7482999737694627e-05
kworker/0:4: -0.00035713499528355896
ksoftirqd/0: -0.00014469900111180323
migration/0: -7.399001333396882e-06
ps: 0.003331586999593128
kworker/7:1: -0.0006035249989508884
migration/7: -4.033099844491517e-05
thermald: 0.00018622600123308075
kworker/7:1H: -6.14200025665923e-05
ksoftirqd/7: -1.8748000456980662e-05
kworker/5:2: -0.0004238200065174169
migration/5: -2.096399930451298e-05
cron: 3.1608000199412345e-05
ksoftirqd/5: -3.130000550299883e-06
kworker/4:1: -0.0004085789987584576
migration/4: -0.0006669640010841249
ksoftirqd/4: -3.39499956680811e-06
kworker/4:1H: -8.540005183022004e-07
