<idle>: 844.4847992601572
<...>: 0.95346968783997
xfsaild/nvme0n1: 0.0002635607961565256
python3: 267.1550742308609
kworker/1:1: 0.0002500251866877079
gmain: 0.00024134619161486626
multipathd: 0.0002781505463644862
migration/1: 2.172938548028469e-05
git: 0.0005990620702505112
sshd: 0.0054901986150071025
kworker/u16:2: -0.0013027512468397617
rcu_sched: -0.0588486889610067
ksoftirqd/1: -3.723928239196539e-05
kworker/u16:0: -8.638727013021708e-05
systemd-timesyn: -3.019208088517189e-05
kworker/6:0: -0.0005754161393269897
migration/6: -3.655906766653061e-06
irqbalance: 0.0002051369519904256
systemd-journal: 0.0014728379901498556
khugepaged: 2.5300076231360435e-05
ksoftirqd/6: 1.651933416724205e-06
kworker/6:1: 4.0302984416484833e-07
kworker/6:1H: 8.609960786998272e-06
systemd: 9.741890244185925e-05
ps: -1.842970959842205e-06
kworker/5:3: -0.00010441092308610678
migration/5: -1.5138881281018257e-05
sudo: 0.03197325998917222
ksoftirqd/5: -5.648122169077396e-06
systemd-udevd: -2.7477042749524117e-05
grep: -4.6138884499669075e-06
kworker/7:1H: -3.070360980927944e-05
rs:main Q:Reg: 0.0001679819542914629
migration/7: -0.0001097691711038351
kworker/7:0: -0.00021614576689898968
ksoftirqd/7: 1.6411067917943e-06
snapd: 6.81739766150713e-05
wpa_supplicant: 1.5471945516765118e-05
ksoftirqd/2: -3.2200594432652e-05
migration/2: -3.708992153406143e-07
kworker/2:2: -0.0002293676370754838
kworker/2:1H: 6.466987542808056e-06
kworker/0:0: -0.00034462660551071167
ksoftirqd/0: -0.0001173423370346427
migration/0: -1.6435864381492138e-05
kworker/3:2: 0.0010757993441075087
migration/3: -1.4975201338529587e-05
ksoftirqd/3: -8.170376531779766e-06
thermald: 5.4835109040141106e-05
sh: -1.1284020729362965e-05
kworker/4:0: -0.000906718778423965
migration/4: -3.850401844829321e-05
ksoftirqd/4: -1.3953307643532753e-05
