<idle>: 51.89579934242647
python3: 2.930168595397845
multipathd: 0.00022021267795935273
<...>: -0.4877585415961221
kworker/1:2: 0.00010456773452460766
xfsaild/nvme0n1: -0.0003444525646045804
migration/1: 1.3659009709954262e-06
rcu_sched: -0.0308993028011173
git: 0.0021218250039964914
sudo: 0.04730889498023316
ksoftirqd/1: -4.0755432564765215e-05
kworker/1:1H: 1.0959978681057692e-05
sshd: 0.005544496409129351
kworker/u16:1: -0.00038253189995884895
kworker/u16:2: -0.0008520555566065013
grep: -8.31397483125329e-06
kworker/6:1: -0.00030076183611527085
systemd-journal: 0.0013220838154666126
migration/6: -1.4262041077017784e-05
kworker/6:1H: -1.6620033420622349e-06
ksoftirqd/6: 4.6881032176315784e-06
khugepaged: -0.00010313006350770593
irqbalance: 0.00012977095320820808
kworker/2:2: -0.0005023360718041658
run.sh: 1.6460020560771227e-05
migration/2: -3.822514554485679e-05
wpa_supplicant: 2.490094630047679e-05
systemd: 6.336794467642903e-05
ksoftirqd/2: -2.400786615908146e-05
ps: -1.2149044778198004e-05
kworker/3:1: 0.00040955631993710995
gmain: 0.00020829704590141773
migration/3: -3.6909477785229683e-06
ksoftirqd/3: -9.762297850102186e-06
in:imuxsock: 8.460698882117867e-05
kworker/7:1: -0.0004422200727276504
migration/7: -4.07389597967267e-06
ksoftirqd/7: -1.2128031812608242e-05
migration/0: -4.82062459923327e-05
ksoftirqd/0: -2.5206070858985186e-05
kworker/0:0: -0.028583265258930624
systemd-network: 9.775976650416851e-06
kworker/0:1H: -8.275965228676796e-06
thermald: -2.6034016627818346e-05
sh: -0.00047115597408264875
kworker/5:1: -0.000326586770825088
migration/5: -4.112109309062362e-05
ksoftirqd/5: 1.70390703715384e-05
kworker/5:1H: -2.4968874640762806e-05
migration/4: -5.947949830442667e-06
kworker/4:0: -0.00047296518459916115
ksoftirqd/4: -4.2504165321588516e-05
