kworker/u16:3: -0.00199591999993487
<idle>: 6.549058132128678
kworker/6:0: -0.00028035700010065057
xfsaild/nvme0n1: -7.060599990893479e-05
gmain: 0.00011978599999906692
python3: -6.102815708000762
systemd-udevd: 0.003793937999994057
snapd: -3.4997000000203116e-05
ksoftirqd/6: -0.00010254299998990746
rcu_sched: -0.0036066749998795444
<...>: -0.32923571300116805
migration/6: -1.2005000002091037e-05
systemd: 0.00038359599999893135
sshd: 0.0055400279999844315
wpa_supplicant: -1.8378000000041084e-05
systemd-timesyn: -0.00029487499999447664
dbus-daemon: 0.00024164899998879719
systemd-journal: 0.000300800000005097
irqbalance: -6.427499999261954e-05
sh: -1.0301000003209992e-05
ps: 1.010900001574555e-05
kworker/u16:2: -1.2239999946928037e-06
kworker/7:2: -0.00014900500000436523
multipathd: 4.265300000128036e-05
migration/7: -3.175300000890502e-05
systemd-logind: 7.204699999618924e-05
ksoftirqd/7: -6.0329999982400295e-06
rs:main Q:Reg: 3.83670000019265e-05
kworker/1:0: -0.0005277149999756148
ksoftirqd/1: -0.00015342900005776983
migration/1: 1.018000013175424e-06
kworker/1:1H: 1.1720000046011592e-06
kworker/4:3: -0.0006565640001312545
migration/4: -1.541699999307866e-05
ksoftirqd/4: -7.423999996092334e-06
in:imuxsock: 4.500800000073468e-05
thermald: 5.0880000017627935e-06
grep: 3.1249999778992787e-06
in:imklog: 1.4765000003080786e-05
kworker/0:4: -0.00018755800007141943
ksoftirqd/0: -0.00016661200004364218
migration/0: -5.698999991921028e-06
kworker/0:1H: -9.660000017674975e-07
kworker/2:1: -0.000639202999934696
ksoftirqd/2: -1.8029999750979187e-06
migration/2: -3.1089999907862875e-06
kworker/5:1: -0.00010431199996929763
migration/5: -3.6369999989460666e-06
ksoftirqd/5: -1.565800000236095e-05
kworker/5:1H: -2.859999995052931e-06
kworker/3:2: 0.0004843869998722994
cron: -1.2409999996521037e-06
migration/3: -1.4000000021496817e-06
ksoftirqd/3: -5.59699998348151e-06
