python3: -4.025062154951684
<idle>: 5.463827706944926
kworker/4:1: -0.0002687040022237852
thermald: 8.908999984669208e-05
rcu_sched: -0.042308148003598944
migration/4: -8.688000093570736e-06
systemd-udevd: 3.6000000136482413e-06
snapd: -0.00014318799958346062
systemd-timesyn: -2.0110001059947535e-06
<...>: -1.3970717449822132
ksoftirqd/4: 2.940000172202417e-06
sshd: 0.005139724997320627
kworker/u16:2: -5.048500122484256e-05
rsyslogd: 7.254000138345873e-06
udisksd: -4.601399984949239e-05
sh: -6.3469999531662324e-06
ps: 7.968999739205174e-06
kworker/u16:3: -3.410099964185065e-05
systemd-journal: 1.3409000075625954e-05
kworker/5:2: -0.0011387499990860306
migration/5: -4.398800001581549e-05
systemd: 5.4295000040838204e-05
ksoftirqd/5: -4.1000000692292815e-06
kworker/5:1H: 2.0999999605919584e-06
kworker/6:3: -0.0003790690018377063
migration/6: -4.643499994472222e-05
ksoftirqd/6: -0.00049848699973154
kworker/6:1H: -2.1600010313704843e-07
multipathd: -3.0469000193988904e-05
grep: 4.20699996084295e-06
kworker/7:1: -0.0003094810011816662
migration/7: -1.973299981727905e-05
kworker/7:1H: -3.6329998920336948e-06
ksoftirqd/7: 2.4999997094710125e-07
in:imklog: 1.1540999935277796e-05
gmain: 3.5565000189308194e-05
kworker/2:1: -0.00042550400030449964
ksoftirqd/2: -6.51749999178719e-05
migration/2: 2.3619999183210894e-06
wpa_supplicant: 9.779000151866057e-06
rs:main Q:Reg: -1.186000076813798e-06
kworker/0:4: -0.0010150650010700701
migration/0: 1.2807000075554242e-05
ksoftirqd/0: -0.0004369420000784885
kworker/3:0: 0.0006229330011819911
migration/3: -1.82790000735622e-05
ksoftirqd/3: -5.001999738851737e-06
kworker/3:1H: 1.4749999763807864e-06
kworker/1:0: -6.79420003280029e-05
migration/1: -5.9240000041427265e-05
ksoftirqd/1: -0.00010996599985446665
irqbalance: -4.1900000269379234e-07
pool-udisksd: 2.498699996067444e-05
