kworker/u16:1: 0.0002764803357422352
<idle>: 3.550804917642381
migration/3: -9.058159776031971e-06
kworker/3:1: 0.0001427632523700595
python3: -3.018375354760792
ksoftirqd/3: -1.016189344227314e-05
systemd: 1.110398443415761e-05
xfsaild/nvme0n1: -0.0005186074995435774
sshd: 0.0037027663784101605
<...>: -0.47966511390404776
rcu_sched: -0.003924945835024118
gmain: 5.526799941435456e-05
kworker/u16:2: -0.0007470031268894672
thermald: 0.00010858406312763691
kworker/2:2: -0.00021017587278038263
migration/2: -3.128201933577657e-05
ksoftirqd/2: -2.5144952815026045e-05
wpa_supplicant: 1.779600279405713e-05
migration/0: -1.3703014701604843e-05
kworker/0:0: -0.04716234118677676
multipathd: -1.8474936950951815e-05
ksoftirqd/0: -7.576978532597423e-05
snapd: -0.0005346655962057412
systemd-network: -9.387964382767677e-06
kworker/5:1: -0.0009541696053929627
migration/5: -1.5399011317640543e-05
ksoftirqd/5: -1.2929027434438467e-05
grep: -1.9188912119716406e-05
kworker/7:1: -0.0013807525974698365
migration/7: -1.73450680449605e-05
systemd-udevd: 6.804207805544138e-05
systemd-timesyn: -2.3830216377973557e-06
ksoftirqd/7: -7.537892088294029e-06
sh: 2.7370930183678865e-05
migration/1: -0.0001857237657532096
kworker/1:2: -0.00013300159480422735
ksoftirqd/1: -0.00013336027041077614
systemd-journal: 4.9904047045856714e-05
migration/6: -6.967294029891491e-05
kworker/6:1: -0.00041469099232926965
ksoftirqd/6: -6.27903500571847e-06
irqbalance: 0.00019441504264250398
khugepaged: 1.976697240024805e-05
ps: 2.522021532058716e-06
migration/4: -1.1237047147005796e-05
kworker/4:0: -0.00048241153126582503
ksoftirqd/4: -5.386903649196029e-05
