<idle>: 49.04111062159063
<...>: -0.6467886188183911
rcu_sched: -0.06076578504871577
kworker/1:2: 0.00030777795473113656
python3: 3.537669457087759
multipathd: -0.00013340497389435768
migration/1: 2.122309524565935e-06
ksoftirqd/1: -0.00012495543342083693
kworker/1:1: -0.00015514472033828497
sshd: 0.005095745204016566
kworker/u16:1: -0.001652903389185667
gmain: 0.00015762494876980782
kworker/u16:2: 9.40824393182993e-05
xfsaild/nvme0n1: -0.00014943350106477737
migration/6: -6.229913560673594e-05
irqbalance: 0.00024183507775887847
git: 0.0015289080329239368
sudo: 0.03192941809538752
kworker/6:1: -0.0008679784368723631
snapd: -5.9270416386425495e-05
khugepaged: 1.3543060049414635e-05
ksoftirqd/6: -2.0908191800117493e-06
kworker/6:2: 2.4295877665281296e-07
kworker/6:0: -0.00012826814781874418
sh: 6.309128366410732e-06
kworker/0:0: -0.0004404029459692538
migration/0: -1.819973113015294e-05
ksoftirqd/0: -0.00023861456429585814
kworker/0:1H: 3.4690601751208305e-06
kthreadd: 1.33950961753726e-05
grep: 1.4955177903175354e-05
kworker/4:0: -0.0005150699871592224
systemd-udevd: -5.158490967005491e-05
ksoftirqd/4: -1.7622136510908604e-05
migration/4: -0.0005226337816566229
kworker/4:1H: 9.555683936923742e-05
migration/2: -4.182051634415984e-05
wpa_supplicant: 1.9103987142443657e-05
kworker/2:2: -0.00020445219706743956
ksoftirqd/2: -2.3918808437883854e-05
kworker/3:1: 0.0005479368264786899
kworker/3:1H: 1.1750380508601665e-05
systemd-journal: 0.0015026340843178332
thermald: 1.6282894648611546e-05
kworker/3:2: 0.0010538747301325202
ksoftirqd/3: -0.000260970089584589
migration/3: -1.4954712241888046e-05
kworker/7:1: 6.74085458740592e-06
kworker/7:0: -0.0006065787747502327
migration/7: 3.8777943700551987e-07
ksoftirqd/7: -3.369641490280628e-06
kworker/7:1H: -1.5693018212914467e-05
kworker/5:1: 6.470887456089258e-05
kworker/5:3: -0.0004498949274420738
ksoftirqd/5: -6.844871677458286e-06
migration/5: -2.0638923160731792e-05
