sh: 0.002671430999725999
<idle>: 217.9728983836535
<...>: 0.36835038399840414
kworker/u16:1: 0.00021716399942306452
python3: 56.76060683133983
rcu_sched: -0.0329065949872529
sudo: 0.049148969001180376
git: 0.05495317800068733
git-lfs: 0.022435197993672773
systemd-resolve: 0.0007799989998602541
kthreadd: 1.4183000075718155e-05
kworker/u16:2: 0.00017582899863555213
multipathd: 0.00019063800164076383
kworker/4:1: -0.0005499560020325589
migration/4: -2.851998942787759e-06
kworker/u16:0: -0.0011580400000639202
ksoftirqd/4: -3.5069999285042286e-05
sshd: 0.00629373499441499
xfsaild/nvme0n1: -0.029999368993685493
kworker/7:2: -0.0003040429955945001
grep: 0.001230784001563734
ksoftirqd/7: 2.4636000034661265e-05
in:imuxsock: 0.0002586840009826119
migration/7: 1.146100021287566e-05
git-remote-http: 0.02605912199760496
kworker/1:0: 0.00011299900052108569
systemd-journal: 0.0018091990013999748
run.sh: 1.1437000011937926e-05
migration/1: -1.8779000583890593e-05
ksoftirqd/1: -0.0001443890000700776
kworker/2:2: -0.04096220399878803
rs:main Q:Reg: 0.00028021299931424437
migration/2: -1.5702999462519074e-05
kworker/2:1H: 7.320000349864131e-06
ksoftirqd/2: -0.00011267699801464914
irqbalance: 9.742999736772617e-06
migration/5: -3.559499918992515e-05
gmain: 0.00029242800155770965
kworker/5:0: -0.0001831820018196595
ksoftirqd/5: -3.383699913683813e-05
thermald: 3.332299957037321e-05
kworker/0:3: -0.000402343993755494
ksoftirqd/0: -8.366000565729337e-05
migration/0: -6.011999630572973e-06
kworker/0:1H: -5.721000434277812e-06
kworker/3:2: 0.0007271109961948241
post-commit: 0.00040197599946623086
migration/3: -1.3071998637315119e-05
ksoftirqd/3: -1.3872000181436306e-05
khungtaskd: 2.3955000415298855e-05
kworker/6:2: -0.0006579480086656986
migration/6: -1.9494998468871927e-05
ksoftirqd/6: -9.199300075124484e-05
wpa_supplicant: 8.953999895311426e-06
ps: 6.524000127683394e-06
