<idle>: 936.6758048649181
sshd: 0.00611844300061648
<...>: 148.28208788299054
kworker/7:2: -0.0004002629991646245
migration/7: 8.156000149028841e-06
kworker/u16:2: -0.00165679799981433
kworker/7:1H: 3.263999957425767e-06
python3: 149.20309354399762
rcu_sched: -0.06355036699926586
xfsaild/nvme0n1: -0.00012319700086038665
ksoftirqd/7: -7.35100002202671e-06
grep: 1.2170000900368905e-06
kworker/6:2: -0.039357300000503415
systemd-journal: 0.0014538770000314116
migration/6: -3.696400000308131e-05
kworker/6:1H: 8.493000024145658e-06
ksoftirqd/6: -3.196999955434876e-06
gmain: 0.0002613879998847324
sh: 2.595000012206583e-06
migration/3: -7.506500013221284e-05
kworker/3:1: 0.0007125459997752159
sudo: 0.046721284999875934
git: 0.0022204209999756586
ksoftirqd/3: -3.1077000016921374e-05
kworker/3:1H: -2.3127000133627007e-05
kworker/2:2: -0.0006485650003327237
migration/2: -9.21299985634505e-06
ksoftirqd/2: -7.758500021282089e-05
kworker/2:1H: 4.3500001538632205e-06
irqbalance: -9.498999986590206e-06
rs:main Q:Reg: 0.0001342430000335071
run.sh: 1.7424999995796497e-05
migration/5: 8.191000006263494e-06
wpa_supplicant: 1.6199999777199992e-06
kworker/5:2: -0.00046828300020251845
thermald: 0.00016487400000642083
ksoftirqd/5: -6.246100008411304e-05
ps: 6.3989999716795865e-06
kworker/4:1: -0.0002321909995544047
migration/4: -1.4793999952189552e-05
multipathd: -0.0005551309998423903
ksoftirqd/4: -3.1225999919115566e-05
kworker/u16:0: -4.167000042798463e-06
kworker/1:3: 0.0003396439994673983
in:imuxsock: 0.0001568450000490884
kworker/1:0: 3.482000010990305e-06
kworker/1:1H: 4.134099995667384e-05
uname: 0.013225566000016897
ksoftirqd/1: -0.00016996400034940962
migration/1: -1.6199999777199992e-06
ksoftirqd/0: 4.994200001817717e-05
kworker/0:3: -0.0004141440007146002
migration/0: -9.124899986545643e-05
