<idle>: 5341.075878818824
python3: 885.3562212656997
<...>: 875.2262585110255
kworker/0:4: 0.002248920999136317
rs:main Q:Reg: 0.00021320200005447987
multipathd: 0.00017684499971437617
kworker/u16:3: 0.0001963179998938358
kworker/u16:2: 0.014841722000596747
kworker/0:1H: -5.361600062769867e-05
rcu_sched: -0.061598466994951195
sudo: 0.04740709399982279
in:imuxsock: 0.00014710700042996905
ksoftirqd/0: -7.888300092417921e-05
systemd-journal: 0.0015932239999756348
migration/0: -9.585999578121118e-06
xfsaild/nvme0n1: 0.003681018998918262
sshd: 0.005187568996916525
snapd: -3.64459992852062e-05
systemd: 2.7340001906850375e-06
grep: 0.0005845269994324553
migration/2: -1.5040000107546803e-06
kworker/2:1: -0.16121400800307129
gmain: 0.00019794899981206981
journal-offline: 0.00018619300033151376
kworker/2:1H: 0.00028719399995225103
wpa_supplicant: -6.109799983278208e-05
ksoftirqd/2: -6.39370002772921e-05
irqbalance: 0.0004956900002071052
kworker/4:1: 0.00016613199954917945
migration/4: -2.710499995828286e-05
kworker/4:1H: 6.54339997936404e-05
thermald: 0.00024263200009499997
uname: 0.013078772000199024
git: 0.0015275920001158738
ksoftirqd/4: -5.568999313254608e-06
migration/1: -0.00012385599995923258
ksoftirqd/1: -2.210999855378759e-05
kworker/1:0: -0.00032900300061555754
kworker/u16:1: 3.9590999449501396e-05
migration/5: -1.9307001252855116e-05
kworker/5:2: 0.0009525820005364949
kworker/5:1H: 6.689899964840151e-05
ksoftirqd/5: -0.00016584200056968257
kworker/6:3: 0.0034832079992384024
migration/6: 1.9225999380978465e-05
run.sh: 8.829000080368132e-06
kworker/6:1: -0.00037275699969541165
ksoftirqd/6: 1.1460006135166623e-06
sh: -5.4150000323716085e-06
migration/7: -0.00010776299995995942
kworker/7:1: -0.0003277029971968659
ksoftirqd/7: -9.801999794945004e-06
kworker/3:0: 0.0016503960002864915
ksoftirqd/3: -1.819800013436179e-05
kworker/3:2: 0.0001489760029471654
migration/3: 1.1198000493095606e-05
kworker/3:1H: 1.929999984895403e-05
ps: 6.097000095905969e-06
